run : bpm : mean : mean_error : sigma : sigma_error 
18796   bpm11X   -0.0512091   0.0404549   2.72917   0.0278073
18796   bpm12X   -0.0325665   0.0875894   5.90633   0.0656758
18796   bpm16X   -0.0145361   0.181678   12.2319   0.129664
18796   bpm1X   -0.033681   0.0224488   1.51288   0.0164004
18796   bpm4aX   -0.0243203   0.0564883   3.82887   0.0402032
18796   bpm4eX   -0.0279495   0.06692   4.46565   0.0487307
18797   bpm11X   0.00990853   0.0193737   3.16085   0.0180308
18797   bpm12X   -0.0944041   0.0357439   5.87478   0.0250867
18797   bpm16X   -0.26539   0.0749487   12.326   0.0521878
18797   bpm1X   -0.0280995   0.00913299   1.50083   0.00654508
18797   bpm4aX   0.00254268   0.0229172   3.76536   0.016204
18797   bpm4eX   0.0449649   0.0270447   4.44081   0.0187232
18798   bpm11X   -0.0259077   0.0224755   3.14872   0.0186266
18798   bpm12X   -0.136255   0.0397777   5.59493   0.0276439
18798   bpm16X   -0.230734   0.0795786   11.1723   0.0536671
18798   bpm1X   -0.0170923   0.00971255   1.36748   0.00694903
18798   bpm4aX   0.0607497   0.0255591   3.58946   0.0178798
18798   bpm4eX   0.0688581   0.02915   4.09879   0.0194436
18799   bpm11X   -0.059148   0.0335462   3.87808   0.0203316
18799   bpm12X   -0.135049   0.0481755   5.64369   0.0335596
18799   bpm16X   -0.263637   0.094517   11.0588   0.0642073
18799   bpm1X   -0.0315197   0.0114689   1.34217   0.00823223
18799   bpm4aX   0.0333913   0.0305833   3.58158   0.0209387
18799   bpm4eX   0.0525495   0.0348242   4.07848   0.0232005
18800   bpm11X   -0.0429406   0.0285062   3.23141   0.0212797
18800   bpm12X   -0.124367   0.0484755   5.48948   0.0340054
18800   bpm16X   -0.121095   0.0958159   10.8687   0.0665538
18800   bpm1X   -0.0380283   0.0114685   1.29983   0.0080972
18800   bpm4aX   -0.0261617   0.0303998   3.44885   0.0212325
18800   bpm4eX   -0.0374382   0.0343257   3.89241   0.0244068
18801   bpm11X   -0.0446649   0.0187432   2.97949   0.014963
18801   bpm12X   -0.150629   0.0341263   5.43838   0.0232389
18801   bpm16X   -0.173471   0.066491   10.5748   0.0454943
18801   bpm1X   -0.00774952   0.00738653   1.17691   0.00529366
18801   bpm4aX   0.0627468   0.0217957   3.46775   0.0150983
18801   bpm4eX   0.0516201   0.0243901   3.8837   0.0166853
18802   bpm11X   -0.0131884   0.0203627   3.14539   0.0168538
18802   bpm12X   -0.157561   0.0366048   5.67735   0.0259299
18802   bpm16X   -0.259571   0.0636897   9.88779   0.0441427
18802   bpm1X   -0.00747702   0.00733145   1.13704   0.00520067
18802   bpm4aX   0.0544534   0.0209206   3.24738   0.0146251
18802   bpm4eX   0.0771951   0.0229942   3.56686   0.0158488
18803   bpm11X   -0.017517   0.0314675   3.05839   0.0260511
18803   bpm12X   -0.17881   0.0560911   5.4532   0.038817
18803   bpm16X   -0.299533   0.0917622   8.92196   0.062069
18803   bpm1X   -0.00778264   0.0117898   1.14896   0.00818926
18803   bpm4aX   0.0332838   0.0349902   3.39663   0.0250095
18803   bpm4eX   0.077258   0.0380711   3.69659   0.0254788
18806   bpm11X   -0.0489689   0.0292623   4.24293   0.0325624
18806   bpm12X   -0.172203   0.0585686   7.92304   0.0561525
18806   bpm16X   -0.323211   0.0993218   13.3355   0.095532
18806   bpm1X   -0.000471136   0.0078773   1.17225   0.0060185
18806   bpm4aX   0.119907   0.0326679   4.47357   0.0313947
18806   bpm4eX   0.128846   0.0380693   5.16121   0.0370598
18808   bpm11X   -0.0216325   0.0313642   3.67096   0.0194504
18808   bpm12X   -0.157817   0.0521463   6.25026   0.0385042
18808   bpm16X   -0.202599   0.0836705   10.0427   0.0616777
18808   bpm1X   0.00587116   0.0091139   1.09537   0.00666196
18808   bpm4aX   0.0305585   0.0288567   3.46881   0.0208418
18808   bpm4eX   0.0497725   0.0319564   3.84392   0.0229994
18809   bpm11X   -0.0183629   0.0293307   3.32559   0.0240995
18809   bpm12X   -0.188048   0.0711097   8.09765   0.0569507
18809   bpm16X   -0.43008   0.136182   15.5053   0.106277
18809   bpm1X   -0.0142986   0.0120539   1.37016   0.00812942
18809   bpm4aX   0.135189   0.0401922   4.57685   0.0290697
18809   bpm4eX   0.169279   0.0509664   5.80504   0.0393441
18810   bpm11X   -0.0316418   0.0153186   3.00949   0.0121744
18810   bpm12X   -0.0782615   0.0430331   8.46297   0.0341213
18810   bpm16X   -0.0725648   0.0799466   15.7081   0.0651981
18810   bpm1X   -0.017578   0.00673226   1.32479   0.0047684
18810   bpm4aX   0.0181737   0.0236195   4.64741   0.0182463
18810   bpm4eX   -0.00412087   0.0299391   5.8865   0.0239415
18811   bpm11X   0.0216169   0.0308552   2.83788   0.0241072
18811   bpm12X   -0.262428   0.0856687   7.71523   0.0591135
18811   bpm16X   -0.376881   0.171752   15.8105   0.136235
18811   bpm1X   -0.0221823   0.0162763   1.50022   0.0119833
18811   bpm4aX   0.072304   0.0506962   4.66823   0.0373275
18811   bpm4eX   0.0561657   0.064665   5.95624   0.0492441
18812   bpm11X   -0.00346626   0.0184322   2.62375   0.0159165
18812   bpm12X   -0.0985136   0.0584133   8.34992   0.0427387
18812   bpm16X   -0.194271   0.0983445   14.0346   0.0724517
18812   bpm1X   0.000618179   0.00762362   1.08892   0.00551667
18812   bpm4aX   0.0336516   0.0300193   4.29255   0.0215711
18812   bpm4eX   0.0375334   0.0369202   5.27431   0.0274522
