run : bpm : mean : mean_error : sigma : sigma_error 
18796   bpm11Y   0.204145   0.303303   20.5171   0.241065
18796   bpm12Y   0.0455612   0.213472   14.4553   0.170682
18796   bpm16Y   -0.0930739   0.13614   9.23582   0.101458
18796   bpm1Y   -0.249937   0.321937   21.8186   0.265971
18796   bpm4aY   -0.417009   0.489172   33.1503   0.398253
18796   bpm4eY   -0.428168   0.538411   36.493   0.440596
18797   bpm11Y   -0.0836672   0.135393   22.2375   0.110718
18797   bpm12Y   -0.0564203   0.0945958   15.5402   0.075834
18797   bpm16Y   0.0245218   0.0593892   9.76933   0.0437193
18797   bpm1Y   0.172006   0.143678   23.5669   0.121304
18797   bpm4aY   0.26151   0.217107   35.6122   0.181879
18797   bpm4eY   0.230431   0.240078   39.3696   0.200382
18798   bpm11Y   0.0496963   0.125375   17.6181   0.103585
18798   bpm12Y   0.0702493   0.0890809   12.525   0.0723494
18798   bpm16Y   0.0718934   0.0604578   8.51047   0.0457853
18798   bpm1Y   -0.0616469   0.129844   18.21   0.11057
18798   bpm4aY   -0.210497   0.19566   27.4321   0.166159
18798   bpm4eY   -0.232961   0.215743   30.2471   0.183418
18799   bpm11Y   -0.176002   0.147454   17.2656   0.121044
18799   bpm12Y   -0.103182   0.106627   12.4756   0.0833935
18799   bpm16Y   -0.0267029   0.0742827   8.69961   0.0539535
18799   bpm1Y   0.128342   0.1553   18.1749   0.130694
18799   bpm4aY   0.238939   0.233821   27.3674   0.194954
18799   bpm4eY   0.222829   0.258752   30.2801   0.219086
18800   bpm11Y   -0.0271243   0.147578   16.7524   0.115603
18800   bpm12Y   -0.0106327   0.106942   12.1447   0.0804729
18800   bpm16Y   -0.0267315   0.0777128   8.78453   0.0512391
18800   bpm1Y   -0.0533118   0.149717   16.9952   0.116454
18800   bpm4aY   -0.176876   0.225449   25.5731   0.175201
18800   bpm4eY   -0.148866   0.24925   28.3003   0.196965
18801   bpm11Y   0.0526679   0.0770884   12.2648   0.0584803
18801   bpm12Y   0.0681265   0.060072   9.56605   0.0448589
18801   bpm16Y   0.074335   0.0505322   8.04401   0.0352824
18801   bpm1Y   -0.0842345   0.073298   11.6684   0.0573191
18801   bpm4aY   -0.126959   0.108821   17.3291   0.0850961
18801   bpm4eY   -0.151293   0.119317   18.9884   0.0933534
18802   bpm11Y   -0.127602   0.076286   11.8476   0.0559404
18802   bpm12Y   -0.117954   0.0605956   9.39866   0.0423134
18802   bpm16Y   -0.0115949   0.0531324   8.2124   0.035051
18802   bpm1Y   0.12475   0.0701429   10.8835   0.0535198
18802   bpm4aY   0.14771   0.103145   16.0016   0.0809974
18802   bpm4eY   0.161565   0.112939   17.5316   0.0885338
18803   bpm11Y   -0.00428681   0.0858258   8.32038   0.0583918
18803   bpm12Y   -0.0388241   0.0778894   7.57988   0.0529025
18803   bpm16Y   0.0260971   0.0727888   7.09005   0.0510272
18803   bpm1Y   -0.0150445   0.0725243   7.03737   0.0529894
18803   bpm4aY   -0.0397599   0.100986   9.8189   0.0737645
18803   bpm4eY   -0.0731437   0.10778   10.4811   0.0759814
18806   bpm11Y   -0.165956   0.0719871   10.7103   0.0545796
18806   bpm12Y   -0.138096   0.0574696   8.5536   0.0423447
18806   bpm16Y   -0.0461267   0.0511606   7.6174   0.0385434
18806   bpm1Y   -0.0166913   0.0557814   8.28757   0.0378082
18806   bpm4aY   -0.0384624   0.0758407   11.2728   0.0513569
18806   bpm4eY   -0.0268373   0.0813846   12.1016   0.0556062
18808   bpm11Y   0.107255   0.0960493   11.5506   0.0675241
18808   bpm12Y   0.0786809   0.0756303   9.08907   0.0533553
18808   bpm16Y   0.103553   0.0640397   7.66784   0.043193
18808   bpm1Y   -0.0959819   0.0837318   10.0726   0.0629012
18808   bpm4aY   -0.0835098   0.122732   14.7635   0.0924465
18808   bpm4eY   -0.120592   0.134415   16.169   0.101503
18809   bpm11Y   -0.131329   0.209626   23.8539   0.165707
18809   bpm12Y   -0.0986795   0.145774   16.5741   0.115329
18809   bpm16Y   -0.000527894   0.0818331   9.2998   0.06054
18809   bpm1Y   0.0422226   0.229848   26.143   0.182738
18809   bpm4aY   0.0525325   0.349325   39.7662   0.277204
18809   bpm4eY   0.037321   0.385581   43.8934   0.305665
18810   bpm11Y   0.189532   0.102184   20.0616   0.0847013
18810   bpm12Y   0.167141   0.0724677   14.2421   0.0591945
18810   bpm16Y   0.160795   0.0434038   8.54162   0.0328414
18810   bpm1Y   -0.170058   0.112334   22.0246   0.0965682
18810   bpm4aY   -0.24334   0.169842   33.3029   0.145857
18810   bpm4eY   -0.29861   0.187694   36.7988   0.161716
18811   bpm11Y   0.234013   0.29693   27.2996   0.242494
18811   bpm12Y   0.130506   0.202725   18.6785   0.160401
18811   bpm16Y   0.191408   0.106866   9.86142   0.0824952
18811   bpm1Y   -0.105876   0.325116   29.9111   0.25827
18811   bpm4aY   0.0327772   0.490498   44.8897   0.372318
18811   bpm4eY   -0.289846   0.546803   50.3325   0.438724
18812   bpm11Y   0.0744543   0.0548321   7.84356   0.0387431
18812   bpm12Y   0.0361214   0.0466964   6.67039   0.0329818
18812   bpm16Y   0.0702534   0.044117   6.30595   0.032038
18812   bpm1Y   -0.137348   0.0485437   6.91664   0.032199
18812   bpm4aY   -0.181231   0.0651653   9.27333   0.0419263
18812   bpm4eY   -0.195205   0.0689861   9.81935   0.0438109
